#mH_GeV 	H_mumu      Err_Hi  Err_Lo
80.0	2.87E-04	+7.37	-7.15
81.0	2.88E-04	+7.35	-7.16
82.0	2.88E-04	+7.34	-7.17
83.0	2.88E-04	+7.33	-7.16
84.0	2.88E-04	+7.34	-7.17
85.0	2.89E-04	+7.34	-7.14
86.0	2.89E-04	+7.33	-7.16
87.0	2.89E-04	+7.31	-7.17
88.0	2.89E-04	+7.33	-7.14
89.0	2.89E-04	+7.33	-7.11
90.0	2.89E-04	+7.31	-7.11
91.0	2.89E-04	+7.28	-7.16
92.0	2.89E-04	+7.29	-7.10
93.0	2.89E-04	+7.26	-7.11
94.0	2.89E-04	+7.30	-7.10
95.0	2.89E-04	+7.26	-7.11
96.0	2.89E-04	+7.27	-7.07
97.0	2.89E-04	+7.25	-7.09
98.0	2.88E-04	+7.22	-7.07
99.0	2.88E-04	+7.23	-7.08
100.0	2.88E-04	+7.22	-7.04
101.0	2.87E-04	+7.19	-7.06
102.0	2.86E-04	+7.15	-7.05
103.0	2.86E-04	+7.16	-7.02
104.0	2.85E-04	+7.10	-7.02
105.0	2.84E-04	+7.11	-6.98
106.0	2.82E-04	+7.08	-6.95
107.0	2.81E-04	+7.04	-6.91
108.0	2.80E-04	+7.01	-6.91
109.0	2.78E-04	+7.02	-6.84
110.0	2.76E-04	+6.95	-6.81
110.5	2.75E-04	+6.91	-6.82
111.0	2.74E-04	+6.91	-6.83
111.5	2.73E-04	+6.92	-6.74
112.0	2.71E-04	+6.91	-6.72
112.5	2.70E-04	+6.86	-6.73
113.0	2.69E-04	+6.80	-6.72
113.5	2.68E-04	+6.82	-6.66
114.0	2.66E-04	+6.77	-6.68
114.5	2.65E-04	+6.73	-6.65
115.0	2.63E-04	+6.73	-6.63
115.5	2.62E-04	+6.72	-6.56
116.0	2.60E-04	+6.67	-6.53
116.5	2.58E-04	+6.62	-6.54
117.0	2.56E-04	+6.60	-6.49
117.5	2.54E-04	+6.60	-6.46
118.0	2.53E-04	+6.57	-6.42
118.5	2.51E-04	+6.53	-6.38
119.0	2.49E-04	+6.44	-6.38
119.5	2.47E-04	+6.40	-6.36
120.0	2.44E-04	+6.40	-6.31
120.1	2.44E-04	+6.42	-6.27
120.2	2.43E-04	+6.35	-6.33
120.3	2.43E-04	+6.41	-6.27
120.4	2.43E-04	+6.36	-6.27
120.5	2.42E-04	+6.37	-6.24
120.6	2.42E-04	+6.33	-6.27
120.7	2.41E-04	+6.37	-6.24
120.8	2.41E-04	+6.31	-6.27
120.9	2.40E-04	+6.33	-6.24
121.0	2.40E-04	+6.34	-6.24
121.1	2.39E-04	+6.29	-6.26
121.2	2.39E-04	+6.28	-6.23
121.3	2.38E-04	+6.30	-6.20
121.4	2.38E-04	+6.29	-6.21
121.5	2.37E-04	+6.24	-6.20
121.6	2.37E-04	+6.24	-6.20
121.7	2.36E-04	+6.24	-6.22
121.8	2.36E-04	+6.26	-6.14
121.9	2.35E-04	+6.25	-6.15
122.0	2.35E-04	+6.26	-6.16
122.1	2.34E-04	+6.26	-6.12
122.2	2.34E-04	+6.26	-6.10
122.3	2.33E-04	+6.26	-6.10
122.4	2.33E-04	+6.21	-6.11
122.5	2.32E-04	+6.23	-6.08
122.6	2.32E-04	+6.21	-6.07
122.7	2.31E-04	+6.22	-6.08
122.8	2.31E-04	+6.17	-6.08
122.9	2.30E-04	+6.18	-6.09
123.0	2.30E-04	+6.15	-6.09
123.1	2.29E-04	+6.13	-6.09
123.2	2.29E-04	+6.11	-6.10
123.3	2.28E-04	+6.16	-6.04
123.4	2.28E-04	+6.12	-6.04
123.5	2.27E-04	+6.13	-6.05
123.6	2.27E-04	+6.07	-6.05
123.7	2.26E-04	+6.14	-5.98
123.8	2.26E-04	+6.08	-6.00
123.9	2.25E-04	+6.09	-6.01
124.0	2.25E-04	+6.09	-5.98
124.1	2.24E-04	+6.04	-6.00
124.2	2.24E-04	+6.09	-5.96
124.3	2.23E-04	+6.06	-5.96
124.4	2.23E-04	+6.00	-5.96
124.5	2.22E-04	+6.04	-5.94
124.6	2.22E-04	+6.00	-5.98
124.7	2.21E-04	+6.00	-5.91
124.8	2.20E-04	+5.98	-5.98
124.9	2.20E-04	+6.01	-5.91
125.0	2.19E-04	+6.01	-5.86
125.1	2.19E-04	+5.95	-5.91
125.2	2.18E-04	+5.95	-5.86
125.3	2.18E-04	+5.91	-5.93
125.4	2.17E-04	+5.96	-5.87
125.5	2.16E-04	+5.97	-5.83
125.6	2.16E-04	+5.89	-5.90
125.7	2.15E-04	+5.89	-5.83
125.8	2.15E-04	+5.90	-5.84
125.9	2.14E-04	+5.92	-5.82
126.0	2.14E-04	+5.86	-5.85
126.1	2.13E-04	+5.86	-5.85
126.2	2.12E-04	+5.87	-5.79
126.3	2.12E-04	+5.88	-5.78
126.4	2.11E-04	+5.89	-5.78
126.5	2.11E-04	+5.89	-5.72
126.6	2.10E-04	+5.85	-5.73
126.7	2.10E-04	+5.78	-5.79
126.8	2.09E-04	+5.77	-5.75
126.9	2.08E-04	+5.76	-5.77
127.0	2.08E-04	+5.77	-5.74
127.1	2.07E-04	+5.76	-5.75
127.2	2.07E-04	+5.74	-5.70
127.3	2.06E-04	+5.72	-5.72
127.4	2.05E-04	+5.74	-5.71
127.5	2.05E-04	+5.71	-5.72
127.6	2.04E-04	+5.66	-5.73
127.7	2.03E-04	+5.74	-5.65
127.8	2.03E-04	+5.75	-5.65
127.9	2.02E-04	+5.68	-5.61
128.0	2.02E-04	+5.68	-5.62
128.1	2.01E-04	+5.68	-5.62
128.2	2.00E-04	+5.63	-5.64
128.3	2.00E-04	+5.61	-5.64
128.4	1.99E-04	+5.69	-5.57
128.5	1.99E-04	+5.64	-5.57
128.6	1.98E-04	+5.62	-5.57
128.7	1.97E-04	+5.59	-5.57
128.8	1.97E-04	+5.64	-5.51
128.9	1.96E-04	+5.60	-5.50
129.0	1.95E-04	+5.61	-5.54
129.1	1.95E-04	+5.54	-5.54
129.2	1.94E-04	+5.59	-5.52
129.3	1.94E-04	+5.54	-5.53
129.4	1.93E-04	+5.55	-5.51
129.5	1.92E-04	+5.55	-5.44
129.6	1.92E-04	+5.53	-5.47
129.7	1.91E-04	+5.47	-5.48
129.8	1.90E-04	+5.50	-5.47
129.9	1.90E-04	+5.49	-5.45
130.0	1.89E-04	+5.53	-5.41
130.5	1.86E-04	+5.46	-5.35
131.0	1.83E-04	+5.33	-5.37
131.5	1.79E-04	+5.33	-5.31
132.0	1.76E-04	+5.27	-5.25
132.5	1.73E-04	+5.15	-5.22
133.0	1.69E-04	+5.20	-5.12
133.5	1.66E-04	+5.09	-5.09
134.0	1.63E-04	+5.07	-4.96
134.5	1.59E-04	+4.94	-5.01
135.0	1.56E-04	+4.96	-4.94
135.5	1.52E-04	+4.87	-4.86
136.0	1.49E-04	+4.89	-4.79
136.5	1.46E-04	+4.75	-4.81
137.0	1.42E-04	+4.67	-4.76
137.5	1.39E-04	+4.70	-4.66
138.0	1.36E-04	+4.59	-4.64
138.5	1.32E-04	+4.55	-4.53
139.0	1.29E-04	+4.45	-4.58
139.5	1.26E-04	+4.39	-4.48
140.0	1.22E-04	+4.37	-4.48
140.5	1.19E-04	+4.31	-4.36
141.0	1.16E-04	+4.32	-4.31
141.5	1.12E-04	+4.22	-4.20
142.0	1.09E-04	+4.14	-4.22
142.5	1.06E-04	+4.10	-4.16
143.0	1.03E-04	+4.18	-4.05
143.5	9.97E-05	+4.08	-4.07
144.0	9.65E-05	+4.01	-4.02
144.5	9.35E-05	+3.91	-3.98
145.0	9.04E-05	+3.92	-3.88
145.5	8.74E-05	+3.84	-3.88
146.0	8.44E-05	+3.82	-3.85
146.5	8.15E-05	+3.78	-3.74
147.0	7.85E-05	+3.74	-3.70
147.5	7.57E-05	+3.65	-3.66
148.0	7.28E-05	+3.66	-3.61
148.5	7.00E-05	+3.56	-3.62
149.0	6.72E-05	+3.51	-3.57
149.5	6.45E-05	+3.54	-3.47
150.0	6.18E-05	+3.45	-3.49
152.0	5.13E-05	+3.34	-3.27
154.0	4.13E-05	+3.11	-3.19
156.0	3.17E-05	+2.99	-3.04
158.0	2.24E-05	+2.86	-2.86
160.0	1.37E-05	+2.79	-2.71
162.0	7.87E-06	+2.72	-2.66
164.0	5.43E-06	+2.67	-2.64
165.0	4.78E-06	+2.65	-2.64
166.0	4.30E-06	+2.63	-2.66
168.0	3.63E-06	+2.62	-2.65
170.0	3.19E-06	+2.65	-2.63
172.0	2.86E-06	+2.62	-2.62
174.0	2.60E-06	+2.63	-2.65
175.0	2.49E-06	+2.64	-2.64
176.0	2.39E-06	+2.60	-2.65
178.0	2.21E-06	+2.61	-2.66
180.0	2.03E-06	+2.69	-2.60
182.0	1.85E-06	+2.58	-2.64
184.0	1.67E-06	+2.59	-2.63
185.0	1.59E-06	+2.58	-2.64
186.0	1.51E-06	+2.58	-2.66
188.0	1.40E-06	+2.59	-2.66
190.0	1.30E-06	+2.63	-2.53
192.0	1.22E-06	+2.54	-2.63
194.0	1.15E-06	+2.63	-2.55
195.0	1.13E-06	+2.64	-2.63
196.0	1.10E-06	+2.56	-2.63
198.0	1.04E-06	+2.57	-2.64
200.0	9.95E-07	+2.57	-2.64
202.0	9.52E-07	+2.58	-2.63
204.0	9.12E-07	+2.63	-2.58
206.0	8.76E-07	+2.59	-2.63
208.0	8.42E-07	+2.64	-2.58
210.0	8.11E-07	+2.64	-2.57
212.0	7.82E-07	+2.58	-2.63
214.0	7.54E-07	+2.59	-2.64
216.0	7.28E-07	+2.59	-2.64
218.0	7.04E-07	+2.58	-2.59
220.0	6.81E-07	+2.64	-2.58
222.0	6.59E-07	+2.59	-2.59
224.0	6.38E-07	+2.60	-2.59
226.0	6.18E-07	+2.60	-2.60
228.0	6.00E-07	+2.61	-2.58
230.0	5.82E-07	+2.59	-2.61
232.0	5.65E-07	+2.60	-2.59
234.0	5.49E-07	+2.60	-2.60
236.0	5.33E-07	+2.59	-2.61
238.0	5.19E-07	+2.61	-2.61
240.0	5.04E-07	+2.59	-2.61
242.0	4.91E-07	+2.62	-2.59
244.0	4.78E-07	+2.62	-2.62
246.0	4.65E-07	+2.60	-2.62
248.0	4.53E-07	+2.60	-2.60
250.0	4.42E-07	+2.61	-2.60
252.0	4.30E-07	+2.61	-2.58
254.0	4.20E-07	+2.61	-2.58
256.0	4.10E-07	+2.59	-2.61
258.0	4.00E-07	+2.59	-2.62
260.0	3.90E-07	+2.60	-2.59
262.0	3.81E-07	+2.60	-2.59
264.0	3.72E-07	+2.60	-2.59
266.0	3.63E-07	+2.63	-2.60
268.0	3.55E-07	+2.61	-2.60
270.0	3.47E-07	+2.61	-2.60
272.0	3.39E-07	+2.61	-2.60
274.0	3.32E-07	+2.58	-2.61
276.0	3.25E-07	+2.58	-2.61
278.0	3.18E-07	+2.61	-2.58
280.0	3.11E-07	+2.58	-2.61
282.0	3.05E-07	+2.59	-2.61
284.0	2.98E-07	+2.59	-2.61
286.0	2.92E-07	+2.59	-2.62
288.0	2.86E-07	+2.59	-2.62
290.0	2.80E-07	+2.63	-2.58
292.0	2.75E-07	+2.59	-2.60
294.0	2.70E-07	+2.59	-2.60
296.0	2.64E-07	+2.59	-2.58
298.0	2.59E-07	+2.61	-2.59
300.0	2.54E-07	+2.59	-2.60
305.0	2.43E-07	+2.57	-2.60
310.0	2.32E-07	+2.62	-2.56
315.0	2.22E-07	+2.56	-2.58
320.0	2.12E-07	+2.70	-2.53
325.0	2.03E-07	+2.54	-2.55
330.0	1.95E-07	+2.55	-2.51
335.0	1.87E-07	+2.52	-2.51
340.0	1.80E-07	+2.66	-2.54
345.0	1.74E-07	+2.52	-4.07
350.0	1.65E-07	+4.11	-4.94
360.0	1.47E-07	+5.19	-5.09
370.0	1.31E-07	+5.16	-5.03
380.0	1.18E-07	+5.02	-4.84
390.0	1.07E-07	+4.89	-4.66
400.0	9.83E-08	+4.64	-4.48
420.0	8.41E-08	+4.28	-4.20
440.0	7.35E-08	+4.05	-3.93
450.0	6.91E-08	+3.92	-3.82
460.0	6.52E-08	+3.83	-3.71
480.0	5.85E-08	+3.66	-3.55
500.0	5.30E-08	+4.09	-3.98
520.0	4.84E-08	+4.14	-4.09
540.0	4.45E-08	+4.41	-4.32
550.0	4.27E-08	+4.50	-4.45
560.0	4.11E-08	+4.65	-4.55
580.0	3.81E-08	+4.90	-4.87
600.0	3.54E-08	+5.21	-5.04
620.0	3.30E-08	+5.41	-5.36
640.0	3.09E-08	+5.78	-5.67
650.0	2.99E-08	+5.97	-5.81
660.0	2.90E-08	+6.16	-5.99
680.0	2.72E-08	+6.56	-6.29
700.0	2.56E-08	+6.98	-6.67
720.0	2.41E-08	+7.46	-7.09
740.0	2.27E-08	+7.96	-7.52
750.0	2.20E-08	+8.26	-7.78
760.0	2.14E-08	+8.53	-8.01
780.0	2.02E-08	+9.18	-8.52
800.0	1.91E-08	+9.87	-9.14
820.0	1.81E-08	+10.66	-9.68
840.0	1.71E-08	+11.45	-10.36
850.0	1.66E-08	+11.95	-10.68
860.0	1.62E-08	+12.45	-10.99
880.0	1.53E-08	+13.41	-11.71
900.0	1.45E-08	+14.62	-12.43
920.0	1.38E-08	+15.78	-13.26
940.0	1.30E-08	+17.16	-14.11
950.0	1.27E-08	+17.92	-14.48
960.0	1.23E-08	+18.69	-14.92
980.0	1.17E-08	+20.22	-15.87
1000.0	1.11E-08	+22.03	-16.86
