### mH   Obs        -2sig      -1sig      median     +1sig      +2sig   Energy
#############################################################################
115.0    0.05987    0.04175    0.05538    0.07773    0.11212    0.15725 7TeV
116.0    0.05172    0.03739    0.05009    0.07090    0.10227    0.14344 7TeV
117.0    0.05540    0.03461    0.04646    0.06588    0.09503    0.13410 7TeV
118.0    0.06336    0.03235    0.04360    0.06204    0.08998    0.12659 7TeV
119.0    0.06713    0.03068    0.04152    0.05928    0.08597    0.12170 7TeV
120.0    0.06422    0.02938    0.03976    0.05677    0.08234    0.11655 7TeV
121.0    0.05729    0.02809    0.03816    0.05468    0.07974    0.11253 7TeV
122.0    0.04998    0.02716    0.03690    0.05287    0.07711    0.10881 7TeV
123.0    0.04778    0.02616    0.03562    0.05113    0.07457    0.10586 7TeV
124.0    0.05539    0.02522    0.03442    0.04948    0.07256    0.10269 7TeV
125.0    0.07081    0.02446    0.03345    0.04817    0.07026    0.09974 7TeV
126.0    0.08503    0.02375    0.03240    0.04658    0.06831    0.09667 7TeV
127.0    0.08600    0.02295    0.03140    0.04502    0.06637    0.09419 7TeV
128.0    0.07072    0.02230    0.03055    0.04407    0.06428    0.09125 7TeV
129.0    0.04956    0.02165    0.02953    0.04246    0.06260    0.08885 7TeV
130.0    0.03426    0.02100    0.02877    0.04150    0.06086    0.08664 7TeV
131.0    0.02611    0.02042    0.02792    0.04022    0.05914    0.08406 7TeV
132.0    0.02168    0.01982    0.02716    0.03919    0.05747    0.08181 7TeV
133.0    0.01972    0.01929    0.02644    0.03814    0.05593    0.07962 7TeV
134.0    0.01923    0.01880    0.02576    0.03717    0.05450    0.07759 7TeV
135.0    0.01952    0.01834    0.02513    0.03626    0.05317    0.07569 7TeV
136.0    0.02061    0.01792    0.02455    0.03542    0.05193    0.07393 7TeV
137.0    0.02418    0.01761    0.02402    0.03454    0.05078    0.07218 7TeV
138.0    0.03320    0.01722    0.02350    0.03379    0.04955    0.07053 7TeV
139.0    0.04952    0.01679    0.02300    0.03318    0.04866    0.06886 7TeV
140.0    0.06281    0.01653    0.02255    0.03243    0.04755    0.06769 7TeV
141.0    0.06952    0.01625    0.02217    0.03188    0.04675    0.06616 7TeV
142.0    0.07065    0.01592    0.02172    0.03123    0.04580    0.06520 7TeV
143.0    0.06752    0.01570    0.02142    0.03079    0.04515    0.06428 7TeV
144.0    0.06095    0.01542    0.02108    0.03036    0.04452    0.06300 7TeV
145.0    0.05272    0.01525    0.02075    0.02992    0.04387    0.06209 7TeV
146.0    0.04544    0.01501    0.02048    0.02945    0.04318    0.06147 7TeV
147.0    0.04129    0.01484    0.02029    0.02922    0.04285    0.06064 7TeV
148.0    0.04117    0.01470    0.02005    0.02883    0.04228    0.06019 7TeV
149.0    0.04356    0.01458    0.01990    0.02860    0.04195    0.05936 7TeV
150.0    0.04465    0.01447    0.01964    0.02839    0.04152    0.05885 7TeV
151.0    0.04165    0.01432    0.01953    0.02809    0.04118    0.05863 7TeV
152.0    0.03445    0.01423    0.01942    0.02792    0.04094    0.05828 7TeV
153.0    0.02627    0.01416    0.01933    0.02779    0.04074    0.05800 7TeV
154.0    0.02135    0.01410    0.01924    0.02766    0.04056    0.05774 7TeV
155.0    0.01936    0.01407    0.01920    0.02760    0.04047    0.05762 7TeV
##########################################################################
115.0    0.03302    0.02593    0.03383    0.04658    0.06607    0.09176 8TeV
116.0    0.02532    0.02249    0.02974    0.04142    0.05909    0.08234 8TeV
117.0    0.02229    0.02030    0.02704    0.03808    0.05462    0.07636 8TeV
118.0    0.02101    0.01872    0.02508    0.03550    0.05121    0.06872 8TeV
119.0    0.02005    0.01752    0.02361    0.03360    0.04847    0.06798 8TeV
120.0    0.01942    0.01654    0.02239    0.03197    0.04636    0.06523 8TeV
121.0    0.01991    0.01574    0.02139    0.03064    0.04445    0.06291 8TeV
122.0    0.02178    0.01504    0.02051    0.02950    0.04302    0.06180 8TeV
123.0    0.02556    0.01443    0.01977    0.02853    0.04160    0.05976 8TeV
124.0    0.02821    0.01391    0.01906    0.02750    0.04011    0.05796 8TeV
125.0    0.03041    0.01347    0.01845    0.02662    0.03903    0.05622 8TeV
126.0    0.03030    0.01295    0.01781    0.02579    0.03761    0.05435 8TeV
127.0    0.02980    0.01253    0.01723    0.02495    0.03659    0.05301 8TeV
128.0    0.02331    0.01219    0.01686    0.02428    0.03560    0.05158 8TeV
129.0    0.02300    0.01179    0.01626    0.02358    0.03457    0.05009 8TeV
130.0    0.01900    0.01154    0.01592    0.02299    0.03371    0.04883 8TeV
131.0    0.01815    0.01124    0.01555    0.02239    0.03283    0.04756 8TeV
132.0    0.01824    0.01099    0.01512    0.02190    0.03211    0.04625 8TeV
133.0    0.02057    0.01076    0.01474    0.02127    0.03119    0.04519 8TeV
134.0    0.02244    0.01053    0.01443    0.02081    0.03052    0.04396 8TeV
135.0    0.02351    0.01033    0.01416    0.02042    0.03076    0.04289 8TeV
136.0    0.02116    0.01010    0.01384    0.01997    0.02912    0.04109 8TeV
137.0    0.01830    0.00994    0.01362    0.01966    0.02851    0.04036 8TeV
138.0    0.01731    0.00975    0.01333    0.01920    0.02800    0.04022 8TeV
139.0    0.01730    0.00959    0.01315    0.01881    0.02743    0.03870 8TeV
140.0    0.01792    0.00949    0.01295    0.01862    0.02701    0.03800 8TeV
141.0    0.01879    0.00934    0.01275    0.01833    0.02658    0.03580 8TeV
142.0    0.02191    0.00924    0.01259    0.01806    0.02620    0.03686 8TeV
143.0    0.02531    0.00916    0.01245    0.01783    0.02586    0.03484 8TeV
144.0    0.02920    0.00905    0.01234    0.01763    0.02556    0.03597 8TeV
145.0    0.03303    0.00901    0.01223    0.01742    0.02526    0.03403 8TeV
146.0    0.03640    0.00894    0.01217    0.01728    0.02506    0.03526 8TeV
147.0    0.03839    0.00892    0.01207    0.01724    0.02486    0.03487 8TeV
148.0    0.03903    0.00887    0.01203    0.01714    0.02472    0.03338 8TeV
149.0    0.03839    0.00887    0.01202    0.01702    0.02468    0.03452 8TeV
150.0    0.03681    0.00889    0.01199    0.01699    0.02450    0.03309 8TeV
151.0    0.03489    0.00895    0.01201    0.01703    0.02456    0.03424 8TeV
152.0    0.03279    0.00897    0.01208    0.01701    0.02454    0.03420 8TeV
153.0    0.03049    0.00900    0.01205    0.01706    0.02461    0.03430 8TeV
154.0    0.02756    0.00908    0.01214    0.01715    0.02460    0.03311 8TeV
155.0    0.02403    0.00916    0.01231    0.01731    0.02483    0.03450 8TeV
##########################################################################
#### Assuming 8 TeV XS
115.0    0.02639    0.01315    0.02385    0.04261    0.05636    0.08010 7P8TeV
116.0    0.02146    0.02052    0.02709    0.03767    0.05373    0.07487 7P8TeV
117.0    0.01873    0.00962    0.01871    0.03039    0.04627    0.06628 7P8TeV
118.0    0.02010    0.01703    0.02277    0.03218    0.04333    0.06228 7P8TeV
119.0    0.02216    0.01596    0.02143    0.03038    0.04092    0.05921 7P8TeV
120.0    0.01940    0.01503    0.02033    0.02903    0.03910    0.05659 7P8TeV
121.0    0.01913    0.01429    0.01942    0.02782    0.03746    0.05422 7P8TeV
122.0    0.01968    0.01364    0.01861    0.02676    0.03881    0.05461 7P8TeV
123.0    0.02166    0.01301    0.01787    0.02571    0.03750    0.05292 7P8TeV
124.0    0.02656    0.01255    0.01719    0.02481    0.03618    0.05228 7P8TeV
125.0    0.03210    0.01211    0.01662    0.02403    0.03523    0.05045 7P8TeV
126.0    0.03474    0.01163    0.01604    0.02316    0.03396    0.04892 7P8TeV
127.0    0.03191    0.01124    0.01554    0.02258    0.03293    0.04758 7P8TeV
128.0    0.02591    0.01098    0.01516    0.02188    0.03209    0.04622 7P8TeV
129.0    0.02258    0.01060    0.01465    0.02129    0.03122    0.04497 7P8TeV
130.0    0.01603    0.01040    0.01433    0.02079    0.03032    0.04382 7P8TeV
131.0    0.01381    0.01014    0.01395    0.02020    0.02962    0.04267 7P8TeV
132.0    0.01296    0.00988    0.01360    0.01969    0.02887    0.04086 7P8TeV
133.0    0.01334    0.00966    0.01330    0.01925    0.02807    0.03985 7P8TeV
134.0    0.01421    0.00943    0.01298    0.01879    0.02741    0.03867 7P8TeV
135.0    0.01452    0.00921    0.01271    0.01835    0.02676    0.03798 7P8TeV
136.0    0.01413    0.00908    0.01244    0.01795    0.02618    0.03695 7P8TeV
137.0    0.01407    0.00886    0.01221    0.01752    0.02569    0.03614 7P8TeV
138.0    0.01459    0.00876    0.01199    0.01719    0.02521    0.03547 7P8TeV
139.0    0.01816    0.00862    0.01177    0.01692    0.02467    0.03482 7P8TeV
140.0    0.02183    0.00846    0.01159    0.01673    0.02426    0.03413 7P8TeV
141.0    0.02521    0.00838    0.01143    0.01644    0.02384    0.03354 7P8TeV
142.0    0.02867    0.00828    0.01127    0.01618    0.02347    0.03161 7P8TeV
143.0    0.03162    0.00820    0.01117    0.01597    0.02328    0.03266 7P8TeV
144.0    0.03359    0.00812    0.01103    0.01581    0.02293    0.03226 7P8TeV
145.0    0.03475    0.00809    0.01094    0.01562    0.02266    0.03188 7P8TeV
146.0    0.03555    0.00804    0.01088    0.01553    0.02253    0.03151 7P8TeV
147.0    0.03621    0.00798    0.01083    0.01541    0.02076    0.03004 7P8TeV
148.0    0.03671    0.00796    0.01078    0.01539    0.02220    0.02979 7P8TeV
149.0    0.03684    0.00793    0.01075    0.01521    0.02206    0.03085 7P8TeV
150.0    0.03591    0.00795    0.01072    0.01525    0.02200    0.03066 7P8TeV
151.0    0.03347    0.00790    0.01071    0.01515    0.02186    0.03047 7P8TeV
152.0    0.02976    0.00800    0.01073    0.01522    0.02183    0.02938 7P8TeV
153.0    0.02553    0.00802    0.01076    0.01526    0.02190    0.03061 7P8TeV
154.0    0.02151    0.00806    0.01083    0.01522    0.02196    0.03061 7P8TeV
155.0    0.01808    0.00816    0.01092    0.01536    0.02203    0.03080 7P8TeV
